# Generated by scripts/papertrack.py build; edit inbox events, not this view.
2402.16014
2404.12355
2408.16168
2411.08789
2411.16063
2411.18358
2412.01932
2412.20192
2501.04024
2501.08166
2501.17296
2501.18972
2502.06026
2502.07469
2502.17386
2503.00274
2503.11090
2503.12154
2503.19081
2503.22600
2503.23676
2503.24208
2504.00195
2504.03201
2504.13313
2504.19065
2504.19496
2504.20408
2505.04738
2505.10930
2505.14144
2505.18511
2505.18857
2505.20721
2505.21573
2505.24717
2506.04354
2506.04742
2506.04898
2506.05513
2506.06158
2506.08604
2506.10636
2506.13267
2506.14048
2506.15203
2506.16619
2506.17774
2506.19632
2507.01388
2507.01537
2507.02106
2507.03119
2507.03660
2507.04153
2507.09264
2507.15409
2507.15976
2507.16960
2507.17019
2508.01211
2508.20878
2509.02846
2509.05117
2509.05186
2509.05510
2509.05799
2509.06088
2509.07024
2509.11576
2509.13805
2509.18611
2509.19605
2509.21196
2509.21670
2509.22411
2509.23063
2509.23173
2509.24332
2509.26282
2510.00282
2510.01370
2510.01977
2510.05995
2510.07314
2510.11174
2510.11840
2510.12443
2510.13047
2510.13665
2510.16816
2510.23088
2510.24173
2510.25379
2510.25803
2511.04991
2511.08219
2511.09729
2511.10147
2511.10829
2511.12764
2511.12788
2511.15684
2511.19114
2511.20445
2511.21861
2511.22486
2512.01370
2512.04974
2512.04982
2512.05297
2512.11686
2512.11795
2512.14086
2512.15085
2512.16074
2512.17969
2512.18595
2512.21319
2512.23056
2512.23192
2512.23884
2512.24205
2601.01829
2601.02614
2601.03086
2601.03613
2601.05155
2601.07384
2601.09143
2601.09979
2601.10885
2601.11428
2601.12614
2601.13377
2601.14745
2601.15547
2601.19091
2601.20227
2601.21006
2601.23262
2602.00884
2602.01498
2602.02264
2602.02788
2602.03627
2602.03915
2602.04287
2602.04758
2602.04940
2602.05187
2602.06689
2602.09708
2602.10150
2602.11229
2602.12706
2602.13616
2602.14918
2602.15004
2602.15084
2602.15184
2602.15592
2602.15890
2602.18248
2602.18801
2602.19110
2602.20234
2602.20399
2602.22059
2602.23113
2603.01102
2603.01406
2603.01459
2603.01762
2603.03112
2603.04354
2603.04606
2603.05598
2603.05730
2603.07882
2603.10678
2603.11052
2603.11231
2603.12503
2603.12725
2603.12834
2603.14734
2603.15431
2603.15584
2603.21271
2603.21534
2603.22309
2603.22951
2603.23901
2603.24143
2603.25066
2603.25832
2603.27828
2604.00781
2604.01349
2604.01961
2604.03439
2604.04061
2604.04828
2604.04971
2604.05187
2604.05652
2604.06001
2604.06881
2604.07366
2604.08076
2604.08763
2604.11625
2604.11829
2604.12794
2604.13447
2604.13723
2604.13830
2604.13919
2604.15617
2604.16664
2604.16721
2604.17149
2604.17425
2604.18221
2604.18506
2604.19223
2604.19465
2604.19843
2604.20061
2604.20085
2604.20143
2604.21097
2604.21101
2604.21411
2604.22566
2604.23874
2604.25985
2604.26621
2604.27298
2605.00068
2605.00820
2605.03548
2605.05081
2605.05862
2605.06591
2605.07279
2605.08318
2605.09016
2605.09189
2605.09523
2605.09543
2605.10154
2605.10451
2605.11691
2605.12343
2605.12700
2605.13834
2605.14546
2605.14939
2605.15179
2605.15284
2605.15754
2605.15793
2605.15881
2605.16573
2605.17107
2605.19057
2605.20780
2605.21348
2605.22222
2605.22724
2605.25353
2605.25413
2605.25509
2605.25867
2605.25949
2605.27408
2605.29283
2606.00296
2606.00643
2606.00937
2606.01366
2606.01470
2606.02084
2606.02427
2606.03469
2606.03936
2606.04366
2606.04447
2606.05783
2606.05850
2606.06164
2606.06210
2606.08827
2606.09806
2606.10215
2606.10310
2606.10370
2606.11518
2606.11650
2606.11691
2606.11963
2606.12318
2606.12447
2606.12567
2606.14039
2606.14597
2606.14913
2606.15512
2606.17460
2606.17733
2606.18200
2606.18713
2606.21189
2606.21659
2606.25753
2606.27354
2607.01128
2607.02194
2607.02715
2607.03895
2607.04390
2607.04491
2607.04865
2607.07020
2607.07718
2607.08969
2607.10965
2607.14498
2607.15857
2607.22280
2607.24513
2608.07053
2608.08134
2608.10234
2608.11572
2608.11937
2608.21677
2608.23546
2609.00297
2609.07814
2609.12301
